#mass   Z   median_TP_age (Myr)
1.00  0.0040  5672.0794
1.00  0.0500  16800.7733
1.00  0.0600  18327.3250
1.00  0.0800  19900.5415
1.00  0.0001  3113.7123
1.00  0.0030  5285.6065
1.00  0.0050  5958.7170
1.00  0.0070  6595.3615
1.00  0.0005  4364.1452
1.00  0.0010  4561.1169
1.00  0.0013  4667.7802
1.00  0.0020  4940.1896
1.00  0.0900  19009.5640
1.00  0.0025  5107.7416
1.00  0.0125  8388.6446
1.00  0.0135  8670.7422
1.00  0.0216  11138.1214
1.00  0.0247  11891.4244
1.00  0.0036  5512.3802
1.00  0.0344  14173.5599
1.00  0.0018  4858.9796
1.00  0.1100  87.6100
1.03  0.0200  9658.8194
1.03  0.0500  15067.3942
1.04  0.0100  6707.8932
1.04  0.0200  9321.3460
1.05  0.0200  8998.6122
1.05  0.0100  6480.9364
1.05  0.0140  7379.2942
1.05  0.0500  14035.4229
1.05  0.0600  15313.6360
1.05  0.0080  5841.4731
1.05  0.0700  15994.3840
1.05  0.0800  16634.5595
1.05  0.0900  15892.9945
1.05  0.1000  15232.5233
1.06  0.0140  7129.2961
1.06  0.0200  8689.8415
1.07  0.0200  8394.5822
1.07  0.0500  13089.7716
1.07  0.0140  6890.3041
1.08  0.0140  6663.7429
1.08  0.0200  8111.4811
1.09  0.0200  7839.6270
1.10  0.0100  5496.1569
1.10  0.0140  6243.0747
1.10  0.0200  7584.3356
1.10  0.0300  9350.0648
1.10  0.0400  10808.0646
1.10  0.0500  11813.8589
1.10  0.0600  12889.4441
1.10  0.1100  11580.8906
1.10  0.0080  4964.8164
1.10  0.0700  13466.4241
1.10  0.1300  14082.6233
1.10  0.0900  13401.0923
1.10  0.0040  4090.7898
1.10  0.0001  127.3474
1.10  0.0030  3825.6378
1.10  0.0050  4288.3176
1.10  0.0060  4499.7145
1.10  0.0070  4725.6139
1.10  0.0005  3194.8102
1.10  0.0010  3329.3146
1.10  0.0013  3402.0629
1.10  0.0020  3588.5303
1.10  0.0025  3703.4800
1.10  0.0125  5949.4687
1.10  0.0135  6144.2287
1.10  0.0216  7843.3130
1.10  0.0247  4608.4789
1.10  0.0036  3981.3543
1.10  0.0344  9967.4740
1.10  0.0018  3533.0413
1.20  0.0600  9359.9913
1.20  0.0300  6809.5276
1.20  0.0100  4070.0696
1.20  0.0140  4609.3664
1.20  0.0800  119.8284
1.20  0.0900  9749.8728
1.20  0.1000  9368.6022
1.20  0.1200  7632.1086
1.20  0.0080  3694.9815
1.20  0.0700  9785.4559
1.20  0.0040  3064.2980
1.20  0.1100  8458.3122
1.20  0.0030  2873.0257
1.20  0.0050  3206.9381
1.20  0.0060  3363.1174
1.20  0.0070  3525.8112
1.20  0.0005  2419.6720
1.20  0.0010  177.8869
1.20  0.0013  1076.6099
1.20  0.0020  2699.6390
1.20  0.0025  2783.1872
1.20  0.0135  4530.4813
1.20  0.0247  4608.4789
1.20  0.0125  4394.1436
1.20  0.0344  7253.0022
1.20  0.0018  2659.6838
1.20  0.0036  2984.4408
1.30  0.0140  3505.5229
1.30  0.0300  5111.1761
1.30  0.0400  5876.2220
1.30  0.0500  6414.0668
1.30  0.0600  6989.0377
1.30  0.0800  7600.2001
1.30  0.1200  4429.1902
1.30  0.1000  7011.8928
1.30  0.0080  2840.5918
1.30  0.0700  7308.2201
1.30  0.1500  4687.6486
1.30  0.0001  1480.7857
1.30  0.0040  2369.7279
1.30  0.0030  2225.7648
1.30  0.0050  2476.7730
1.30  0.0013  1993.0677
1.30  0.0005  1884.4256
1.30  0.0010  1954.1747
1.30  0.0020  2094.2824
1.30  0.0025  2157.2460
1.30  0.0125  0.0000
1.30  0.0216  4332.6576
1.30  0.0247  4608.4789
1.30  0.0018  2063.5031
1.30  0.0036  2310.8431
1.40  0.0140  2747.4436
1.40  0.0600  5353.6920
1.40  0.0200  3267.8811
1.40  0.0080  2239.7436
1.40  0.0800  5816.7573
1.40  0.1000  5380.7823
1.40  0.1100  4885.3830
1.40  0.1300  4010.1060
1.40  0.1400  3625.5060
1.40  0.1500  3270.8907
1.40  0.0040  1882.2773
1.40  0.1200  4429.1902
1.40  0.0050  1966.3999
1.40  0.0060  2055.9910
1.40  0.0030  1769.1674
1.40  0.0013  1588.3651
1.40  0.0005  1503.1866
1.40  0.0010  1557.8526
1.40  0.0070  1008.5897
1.40  0.0020  1669.1329
1.40  0.0125  2630.2585
1.40  0.0135  2710.0377
1.40  0.0216  3367.4832
1.40  0.0247  3567.8151
1.40  0.0344  4186.5012
1.40  0.0025  1719.6081
1.50  0.0100  1966.8842
1.50  0.0140  2197.0139
1.50  0.0200  2596.5543
1.50  0.0500  3862.8555
1.50  0.0600  4193.8380
1.50  0.0095  1924.2644
1.50  0.0300  3120.3325
1.50  0.0800  4551.0129
1.50  0.0080  1804.4502
1.50  0.0900  4368.3656
1.50  0.1300  3158.7708
1.50  0.1400  2861.9986
1.50  0.1500  3625.4941
1.50  0.0050  1589.7189
1.50  0.0060  1658.5019
1.50  0.0030  1438.9431
1.50  0.0040  1527.0320
1.50  0.0070  133.7524
1.50  0.0010  1269.6871
1.50  0.0013  1295.0372
1.50  0.1100  3832.7096
1.50  0.0020  1357.7534
1.50  0.0135  2166.5579
1.50  0.0216  2675.3254
1.50  0.0018  1339.6260
1.50  0.0025  1397.8042
1.50  0.0036  1490.2706
1.60  0.0100  1603.6121
1.60  0.0095  1571.1335
1.60  0.0200  2095.1566
1.60  0.0300  2506.0544
1.60  0.0400  2848.6652
1.60  0.0500  3090.4352
1.60  0.0600  3347.6906
1.60  0.0080  1477.6709
1.60  0.0700  2829.2874
1.60  0.0800  3625.5881
1.60  0.0900  3481.5102
1.60  0.1000  4212.5410
1.60  0.1300  2541.7199
1.60  0.1500  2094.6614
1.60  0.0001  1210.3262
1.60  0.0030  1191.2619
1.60  0.0040  1259.7502
1.60  0.0050  1309.7019
1.60  0.0010  1055.3129
1.60  0.1100  3064.4406
1.60  0.1200  2794.7654
1.60  0.0036  1231.2654
1.60  0.0020  1127.6820
1.60  0.0125  1713.7147
1.60  0.0135  1760.5346
1.60  0.0216  2156.1005
1.60  0.0344  2651.7516
1.70  0.0800  2936.2919
1.70  0.0400  2314.9925
1.70  0.0095  1304.6912
1.70  0.0140  1473.8271
1.70  0.0600  2711.3150
1.70  0.0200  1720.7010
1.70  0.0300  2045.8705
1.70  0.0080  1230.8456
1.70  0.1300  2085.9394
1.70  0.1400  1900.5314
1.70  0.1500  1731.0415
1.70  0.1100  1757.9171
1.70  0.1200  3484.3795
1.70  0.0001  4885.3829
1.70  0.0030  1003.7199
1.70  0.0050  1097.8741
1.70  0.0060  1140.4847
1.70  0.0013  911.1465
1.70  0.0010  893.8685
1.70  0.0900  5583.8473
1.70  0.0020  952.6917
1.70  0.0125  1417.8505
1.70  0.0135  1454.8772
1.70  0.0216  1769.3049
1.70  0.0247  1866.5464
1.70  0.0025  978.2068
1.70  0.0018  940.6511
1.70  0.0036  1035.8732
1.70  0.0070  5353.6920
1.80  0.0095  1104.0843
1.80  0.0100  1123.8692
1.80  0.0200  1436.5574
1.80  0.0300  1699.0491
1.80  0.0400  1917.7342
1.80  0.0500  2075.2023
1.80  0.0600  2239.9994
1.80  0.1400  1594.3467
1.80  0.1500  1459.8525
1.80  0.0700  2338.3139
1.80  0.0900  2337.9842
1.80  0.1000  2265.1159
1.80  0.1300  1745.2737
1.80  0.0005  739.0682
1.80  0.0040  906.2110
1.80  0.0050  938.5700
1.80  0.0060  972.9878
1.80  0.0135  1224.8571
1.80  0.0070  1008.5897
1.80  0.0010  769.7942
1.80  0.1100  2080.1074
1.80  0.1200  1905.2145
1.80  0.0125  1194.8515
1.80  0.0020  818.9791
1.80  0.0216  1475.5548
1.80  0.0013  785.4079
1.80  0.0018  810.2928
1.90  0.0095  956.3785
1.90  0.0140  1066.1671
1.90  0.0300  1438.3260
1.90  0.0400  1614.7846
1.90  0.0500  1744.9103
1.90  0.0800  2034.5940
1.90  0.1000  1910.6081
1.90  0.0600  1880.5639
1.90  0.0900  1969.4872
1.90  0.1300  1487.3145
1.90  0.1400  1367.5544
1.90  0.1500  1254.0355
1.90  0.0005  646.4804
1.90  0.0060  851.5989
1.90  0.0030  760.2054
1.90  0.1200  1616.9120
1.90  0.0020  723.3873
1.90  0.0125  1031.9849
1.90  0.0247  1321.2025
1.90  0.0013  692.1934
1.90  0.0018  715.4273
1.90  0.0036  782.1245
1.91  0.0300  1414.4649
#mass   Z   median_TP_age (Myr)
2.00  0.0140  252.4363
2.00  0.0500  1497.3480
2.00  0.0800  1736.7873
2.00  0.0100  860.3543
2.00  0.0200  1068.3362
2.00  0.0300  1239.8519
2.00  0.0400  1388.3184
2.00  0.0095  848.8890
2.00  0.1000  1641.0698
2.00  0.0600  1608.8801
2.00  0.0700  1677.3903
2.00  0.0900  1685.9724
2.00  0.1300  1295.7689
2.00  0.1400  1197.9903
2.00  0.0050  743.7988
2.00  0.0060  765.8794
2.00  0.0001  554.5498
2.00  0.0005  581.5732
2.00  0.0010  622.1025
2.00  0.1100  1515.0645
2.00  0.1200  1405.6163
2.00  0.0020  683.5627
2.00  0.0125  909.1843
2.00  0.0135  928.9125
2.00  0.0216  1092.6884
2.00  0.0013  640.6827
2.00  0.0025  701.6543
2.00  0.0036  717.3092
2.00  0.0344  1306.4483
2.10  0.0200  948.9701
2.10  0.0300  1094.3794
2.10  0.0400  1214.7737
2.10  0.0500  1305.8910
2.10  0.0800  1511.3433
2.10  0.1000  1434.6043
2.10  0.1500  997.2641
2.10  0.0080  753.1262
2.10  0.0600  1400.0266
2.10  0.0700  1458.7530
2.10  0.1200  3484.3795
2.10  0.1300  1160.8595
2.10  0.1400  1083.5523
2.10  0.0030  655.9465
2.10  0.0050  716.8393
2.10  0.0060  740.9168
2.10  0.1100  402.8154
2.10  0.0001  488.7152
2.10  0.0010  563.4039
2.10  0.0020  617.2486
2.10  0.0135  836.6877
2.10  0.0216  971.7498
2.10  0.0247  1013.8516
2.10  0.0025  637.9328
2.20  0.1500  873.9765
2.20  0.0500  1162.9220
2.20  0.0800  1338.6130
2.20  0.0200  861.5319
2.20  0.0900  1685.9724
2.20  0.0080  715.4462
2.20  0.1100  1337.1145
2.20  0.1300  1051.4176
2.20  0.0095  751.7564
2.20  0.0600  1235.4024
2.20  0.0700  1293.2618
2.20  0.0135  815.5500
2.20  0.0040  618.6861
2.20  0.0030  582.9655
2.20  0.0005  468.2511
2.20  0.0010  498.1003
2.20  0.0001  432.0077
2.20  0.0020  543.6593
2.20  0.0216  879.7027
2.20  0.0025  563.0636
2.20  0.0036  604.6204
2.20  0.0344  1026.3971
2.20  0.0247  917.1938
2.30  0.0200  847.0536
2.30  0.0300  905.8836
2.30  0.0500  1055.6873
2.30  0.0800  1213.5419
2.30  0.1500  767.7027
2.30  0.0700  1169.9800
2.30  0.1100  1103.2169
2.30  0.1300  928.3495
2.30  0.1400  842.9466
2.30  0.0080  638.7481
2.30  0.0100  685.2347
2.30  0.0030  513.9795
2.30  0.0040  548.1762
2.30  0.0050  570.6833
2.30  0.0010  498.1003
2.30  0.0001  385.1266
2.30  0.0005  415.2945
2.30  0.0020  427.7872
2.30  0.0216  867.0849
2.30  0.0247  901.7690
2.30  0.0013  453.8515
2.30  0.0018  472.5395
2.30  0.0025  496.3594
2.30  0.0036  534.5198
2.30  0.0344  943.9834
2.40  0.0200  760.2626
2.40  0.0500  1020.2096
2.40  0.1000  1061.2967
2.40  0.1500  676.9153
2.40  0.1200  3484.3795
2.40  0.0080  570.1858
2.40  0.0095  601.4797
2.40  0.0100  612.3409
2.40  0.1300  816.2649
2.40  0.0600  1082.1331
2.40  0.0700  1117.3195
2.40  0.0036  473.3193
2.40  0.0030  455.1685
2.40  0.0040  485.4298
2.40  0.0060  593.9855
2.40  0.0070  489.1968
2.40  0.0001  345.9040
2.40  0.0010  498.1003
2.40  0.0900  1100.6870
2.40  0.0005  371.8841
2.40  0.0125  647.2905
2.40  0.0135  660.8428
2.40  0.0247  811.6324
2.40  0.0018  421.4251
2.40  0.0025  440.7625
2.40  0.0344  909.5894
2.50  0.0140  598.5697
2.50  0.0300  780.5553
2.50  0.0400  858.6012
2.50  0.0500  912.3143
2.50  0.0800  1145.2560
2.50  0.1000  943.8673
2.50  0.1500  597.6068
2.50  0.0700  995.7975
2.50  0.1100  867.7652
2.50  0.1300  721.8695
2.50  0.0095  3477.6944
2.50  0.1400  657.8296
2.50  0.0036  421.1068
2.50  0.0050  451.1076
2.50  0.0005  334.9861
2.50  0.0125  579.1177
2.50  0.0135  591.8188
2.50  0.0020  383.3589
2.50  0.0013  363.9112
2.50  0.0025  394.5865
2.60  0.1200  702.5392
2.60  0.0095  480.7105
2.60  0.0900  871.4136
2.60  0.1400  583.4517
2.60  0.0200  609.7247
2.60  0.1500  530.2079
2.60  0.0300  699.5525
2.60  0.1100  767.4986
2.60  0.0400  768.7841
2.60  0.0500  815.5262
2.60  0.0800  909.9101
2.60  0.0080  453.5951
2.60  0.0030  364.6193
2.60  0.0040  386.1497
2.60  0.0005  303.3547
2.60  0.0125  518.2654
2.60  0.0135  530.1734
2.60  0.0020  346.0089
2.60  0.0013  329.4146
2.60  0.0018  341.0419
2.60  0.0025  355.5262
2.60  0.0344  728.7886
2.60  0.0247  651.1657
2.70  0.0140  481.0306
2.70  0.0200  548.1876
2.70  0.0400  689.1215
2.70  0.0500  731.3765
2.70  0.0600  773.3954
2.70  0.0700  795.7157
2.70  0.0800  813.1210
2.70  0.0900  777.3062
2.70  0.1100  683.9413
2.70  0.1200  625.8916
2.70  0.1300  571.0397
2.70  0.1400  520.0835
2.70  0.1500  472.1497
2.70  0.0095  430.7162
2.70  0.0050  361.2810
2.70  0.0060  376.0551
2.70  0.0040  347.3848
2.70  0.0005  276.1163
2.70  0.0135  475.6426
2.70  0.0247  584.3343
2.70  0.0018  309.5669
2.70  0.0025  321.9156
2.70  0.0036  340.0059
2.70  0.0344  654.7391
2.70  0.0001  4212.5410
2.80  0.1200  559.5174
2.80  0.1300  510.1775
2.80  0.1400  464.6234
2.80  0.1500  422.2912
2.80  0.0800  729.5226
2.80  0.1000  667.0273
2.80  0.0600  694.2872
2.80  0.0700  713.9251
2.80  0.0300  565.1336
2.80  0.0400  620.3013
2.80  0.0095  387.1163
2.80  0.0080  366.3020
2.80  0.0030  300.1354
2.80  0.0050  326.1371
2.80  0.0001  218.9116
2.80  0.0010  265.8680
2.80  0.0005  252.4363
2.80  0.0125  418.3424
2.80  0.0135  428.1131
2.80  0.0216  503.7607
2.80  0.0247  525.6759
2.80  0.0344  588.8272
2.80  0.0013  271.9386
2.80  0.0036  308.5548
2.90  0.1400  416.8263
2.90  0.1500  379.0136
2.90  0.0080  330.8081
2.90  0.0100  356.2310
2.90  0.0400  558.9648
2.90  0.0500  592.0264
2.90  0.0600  624.6159
2.90  0.0900  625.5413
2.90  0.1000  597.6521
2.90  0.1100  548.2723
2.90  0.1200  501.5984
2.90  0.1300  457.8109
2.90  0.0030  274.1058
2.90  0.0050  296.3450
2.90  0.0010  243.5490
2.90  0.0001  218.9116
2.90  0.0135  386.1779
2.90  0.0125  377.3557
2.90  0.0020  260.9638
2.90  0.0247  474.4484
2.90  0.0013  248.9341
2.90  0.0018  257.5058
2.90  0.0025  267.5862
2.90  0.0036  281.7581
2.90  0.0344  530.9572
#mass   Z   median_TP_age (Myr)
3.00  0.0500  533.7957
3.00  0.1500  341.1535
3.00  0.0080  300.0796
3.00  0.0095  317.0351
3.00  0.0100  322.5485
3.00  0.0300  460.0125
3.00  0.0400  504.6544
3.00  0.0600  563.5333
3.00  0.0700  578.1183
3.00  0.0900  562.0296
3.00  0.1100  493.1644
3.00  0.1200  451.3133
3.00  0.1400  375.3576
3.00  0.0040  262.5437
3.00  0.0050  270.6434
3.00  0.0060  14764.0653
3.00  0.0001  202.1408
3.00  0.0125  341.4240
3.00  0.0135  349.4820
3.00  0.0020  239.8277
3.00  0.0036  258.0806
3.00  0.0344  479.2758
3.00  0.0216  410.5626
3.00  0.0013  228.8849
3.00  0.0018  236.5450
3.00  0.0025  246.4844
3.10  0.0080  273.5329
3.10  0.0500  483.4996
3.10  0.0800  532.9930
3.10  0.1000  484.6843
3.10  0.1100  444.8262
3.10  0.1200  242.7550
3.10  0.1300  371.7424
3.10  0.1400  338.9838
3.10  0.0030  231.6804
3.10  0.0050  248.5633
3.10  0.0070  264.2924
3.10  0.0001  187.4544
3.10  0.0020  220.6110
3.10  0.0344  434.3663
3.10  0.0247  388.6599
3.10  0.0013  211.0899
3.20  0.0080  250.3838
3.20  0.0100  267.6839
3.20  0.0140  292.4245
3.20  0.0400  414.7844
3.20  0.0500  438.2486
3.20  0.0600  460.8004
3.20  0.0700  473.1269
3.20  0.0900  459.1153
3.20  0.1200  369.0300
3.20  0.1400  307.6800
3.20  0.1500  279.3550
3.20  0.0030  213.4854
3.20  0.0040  222.4851
3.20  0.0050  228.9121
3.20  0.0060  14764.0653
3.20  0.0070  242.7550
3.20  0.1100  402.8154
3.20  0.0005  183.1868
3.20  0.0125  283.0497
3.20  0.0216  339.0019
3.20  0.0013  195.3627
3.20  0.0025  208.8280
3.20  0.0300  378.9343
3.30  0.1400  279.2146
3.30  0.0100  245.5606
3.30  0.0140  267.4078
3.30  0.0200  302.3239
3.30  0.0500  398.6349
3.30  0.0700  429.8067
3.30  0.0800  438.1239
3.30  0.0900  417.0594
3.30  0.1100  70.6932
3.30  0.1200  334.9042
3.30  0.1500  254.1585
3.30  0.0030  197.8386
3.30  0.0040  205.9521
3.30  0.0050  211.4975
3.30  0.0010  177.8869
3.30  0.0020  189.0513
3.30  0.0125  259.1999
3.30  0.0135  242.9704
3.30  0.0216  309.0334
3.30  0.0247  322.4146
3.30  0.0036  202.7490
3.30  0.0344  359.0261
3.30  0.0060  2711.3150
3.40  0.1000  362.2855
3.40  0.1100  333.0044
3.40  0.0600  382.3334
3.40  0.1400  254.7777
3.40  0.0095  222.3411
3.40  0.0100  225.6584
3.40  0.0140  245.6293
3.40  0.0200  276.7133
3.40  0.0300  315.3588
3.40  0.0400  344.6536
3.40  0.0700  391.4229
3.40  0.0800  398.6164
3.40  0.0030  183.6602
3.40  0.0040  191.1080
3.40  0.0050  196.1453
3.40  0.0060  14764.0653
3.40  0.0070  206.9678
3.40  0.0005  158.9505
3.40  0.0216  282.5971
3.40  0.0247  294.6133
3.40  0.0013  168.8342
3.40  0.0344  328.2336
3.50  0.0800  363.8908
3.50  0.1000  330.8541
3.50  0.1500  212.2746
3.50  0.0600  350.0338
3.50  0.1100  304.1780
3.50  0.1200  279.1088
3.50  0.1300  255.4988
3.50  0.0080  197.2501
3.50  0.0095  205.6576
3.50  0.0100  208.6285
3.50  0.0200  254.1055
3.50  0.0040  177.8144
3.50  0.0050  182.4857
3.50  0.0001  142.3349
3.50  0.0010  154.7112
3.50  0.0020  163.9022
3.50  0.0005  148.6513
3.50  0.0135  223.8647
3.50  0.0247  270.2665
3.50  0.0018  162.1269
3.50  0.0025  167.5393
3.50  0.0344  300.3099
3.60  0.1000  303.0775
3.60  0.1300  233.9376
3.60  0.0013  147.4823
3.60  0.0010  144.8961
3.60  0.0050  170.1790
3.60  0.0070  178.7824
3.60  0.0125  202.6511
3.60  0.0135  206.6993
3.60  0.0140  208.5066
3.60  0.0200  204.0470
3.60  0.0216  239.3113
3.60  0.0247  248.6013
3.60  0.0300  265.7284
3.60  0.0500  305.2527
3.60  0.0600  320.4318
3.60  0.0700  327.9699
3.60  0.0900  317.5436
3.60  0.1100  278.6344
3.60  0.1200  255.5041
3.60  0.0018  151.5518
3.60  0.0025  156.5679
3.60  0.0344  276.1281
3.70  0.0010  135.9504
3.70  0.0020  143.5567
3.70  0.0030  149.6405
3.70  0.0050  159.0983
3.70  0.0060  162.9038
3.70  0.0095  177.5863
3.70  0.0125  188.0855
3.70  0.0140  193.5461
3.70  0.0216  221.1936
3.70  0.0247  229.3403
3.70  0.0300  244.6786
3.70  0.0400  266.3379
3.70  0.0500  280.6689
3.70  0.0600  294.2779
3.70  0.0700  301.1613
3.70  0.0900  291.3818
3.70  0.1000  278.2690
3.70  0.1300  215.2164
3.70  0.1500  179.8280
3.70  0.0013  138.3494
3.70  0.0018  142.0972
3.70  0.0036  153.0647
3.70  0.0344  254.2822
3.80  0.0036  143.4259
3.80  0.1000  256.1381
3.80  0.1300  198.5804
3.80  0.0125  175.1658
3.80  0.0040  145.5182
3.80  0.0050  149.0783
3.80  0.0060  152.5190
3.80  0.0095  165.7020
3.80  0.0135  178.2501
3.80  0.0140  179.8679
3.80  0.0200  200.5736
3.80  0.0216  204.8304
3.80  0.0247  212.5208
3.80  0.0300  226.5870
3.80  0.0500  258.8164
3.80  0.0600  271.2663
3.80  0.1100  236.0501
3.80  0.1400  181.7964
3.80  0.0013  130.0191
3.80  0.0025  137.5338
3.90  0.0100  156.8646
3.90  0.0125  163.6501
3.90  0.0020  126.8521
3.90  0.0010  120.4813
3.90  0.0040  110.8226
3.90  0.0050  139.9944
3.90  0.0060  143.1244
3.90  0.0216  190.1196
3.90  0.0247  197.3746
3.90  0.0300  209.8357
3.90  0.0400  227.4025
3.90  0.0500  239.4468
3.90  0.0600  250.6654
3.90  0.0700  256.2997
3.90  0.0800  259.9498
3.90  0.1000  236.6965
3.90  0.1100  217.9067
3.90  0.1300  183.7044
3.90  0.1400  168.3196
3.90  0.1500  153.9891
3.90  0.0018  125.6676
3.90  0.0025  129.4138
3.90  0.0013  122.4461
#mass   Z   median_TP_age (Myr)
4.00  0.0800  240.5787
4.00  0.1000  218.9097
4.00  0.0344  202.0496
4.00  0.0010  113.7304
4.00  0.0020  119.6220
4.00  0.0030  124.2076
4.00  0.0050  131.7385
4.00  0.0095  145.4374
4.00  0.0100  147.1138
4.00  0.0125  153.2144
4.00  0.0140  157.0020
4.00  0.0200  173.6175
4.00  0.0300  195.1241
4.00  0.0400  211.3294
4.00  0.0500  221.9179
4.00  0.0600  232.1483
4.00  0.0700  237.0698
4.00  0.0900  228.9680
4.00  0.1400  156.1799
4.00  0.0013  115.5635
4.00  0.0036  127.1988
4.00  0.1300  170.4013
4.10  0.0344  188.3394
4.10  0.1200  172.6080
4.10  0.0010  107.5793
4.10  0.0020  113.0052
4.10  0.0050  124.2194
4.10  0.0060  126.8716
4.10  0.0135  146.0965
4.10  0.0200  162.1960
4.10  0.0216  165.4618
4.10  0.0247  171.1533
4.10  0.0400  196.5368
4.10  0.0500  206.4240
4.10  0.0600  215.9025
4.10  0.1100  187.4150
4.10  0.1300  158.4245
4.10  0.1400  145.3811
4.10  0.1500  133.0689
4.10  0.0013  109.2720
4.10  0.0018  111.9654
4.10  0.0025  115.1365
4.10  0.0036  119.8284
4.10  0.0030  117.2063
4.20  0.0300  169.5922
4.20  0.0095  0.0000
4.20  0.0020  106.9437
4.20  0.0040  115.1598
4.20  0.0050  117.2503
4.20  0.0060  119.7696
4.20  0.0100  130.0982
4.20  0.0125  135.0948
4.20  0.0200  152.0886
4.20  0.0216  154.5671
4.20  0.0247  160.0738
4.20  0.0500  192.0616
4.20  0.0600  200.8267
4.20  0.0700  204.7976
4.20  0.0800  207.1902
4.20  0.0900  197.7175
4.20  0.1000  188.8102
4.20  0.1100  174.5151
4.20  0.1500  124.3052
4.20  0.0036  113.0745
4.20  0.0344  0.0000
4.20  0.0018  106.0553
4.20  0.0025  108.8899
4.30  0.0200  142.6206
4.30  0.0050  110.9269
4.30  0.0060  113.2305
4.30  0.0070  115.5417
4.30  0.0080  117.8274
4.30  0.0010  96.7515
4.30  0.0030  104.9900
4.30  0.0025  103.1976
4.30  0.0125  127.3474
4.30  0.0140  130.1686
4.30  0.0216  145.0005
4.30  0.0247  150.2442
4.30  0.0300  158.9002
4.30  0.0400  171.3448
4.30  0.0500  179.6432
4.30  0.0600  187.1325
4.30  0.0700  190.8840
4.30  0.1000  176.1873
4.30  0.1100  162.7275
4.30  0.1200  149.9039
4.30  0.1300  137.9040
4.30  0.0018  100.5056
4.40  0.0013  93.2843
4.40  0.0018  0.0000
4.40  0.0020  96.2363
4.40  0.0025  97.9137
4.40  0.0030  99.5906
4.40  0.0040  102.7511
4.40  0.0060  107.2749
4.40  0.0070  109.3474
4.40  0.0125  120.1291
4.40  0.0200  98.2537
4.40  0.0300  149.0064
4.40  0.0344  154.1377
4.40  0.0400  160.3239
4.40  0.0600  175.1151
4.40  0.0800  180.3246
4.40  0.0900  172.1146
4.40  0.1100  152.1137
4.40  0.1200  140.2418
4.40  0.1300  129.1910
4.40  0.0700  147.4823
4.50  0.0216  129.8698
4.50  0.0013  88.7636
4.50  0.0135  115.1805
4.50  0.0018  90.7688
4.50  0.0140  116.0780
4.50  0.0095  108.7199
4.50  0.0025  93.1329
4.50  0.0100  109.7793
4.50  0.0040  97.6028
4.50  0.0050  100.1511
4.50  0.0070  103.6990
4.50  0.0080  105.6666
4.50  0.0200  126.6067
4.50  0.0247  132.5971
4.50  0.0300  140.1506
4.50  0.0344  0.0000
4.50  0.0500  157.4614
4.50  0.0700  166.9977
4.50  0.0900  161.0692
4.50  0.1000  154.1847
4.50  0.1100  142.5184
4.50  0.1200  131.4108
4.50  0.1300  121.0324
4.50  0.0125  113.6143
4.60  0.0013  84.6157
4.60  0.0010  83.4657
4.60  0.0030  89.9774
4.60  0.0040  92.7311
4.60  0.0050  94.8409
4.60  0.0070  98.4442
4.60  0.0080  100.2753
4.60  0.0125  107.6074
4.60  0.0140  109.8486
4.60  0.0344  136.2162
4.60  0.0400  141.5448
4.60  0.0900  151.0960
4.60  0.1100  133.7297
4.60  0.1200  123.4706
4.60  0.1500  96.2315
4.70  0.0013  80.7541
4.70  0.0010  79.6703
4.70  0.0025  84.4387
4.70  0.0060  91.9363
4.70  0.0070  93.6426
4.70  0.0216  114.6146
4.70  0.0247  118.2128
4.70  0.0300  124.3310
4.70  0.0344  128.4178
4.70  0.0800  148.7325
4.70  0.0900  142.1198
4.70  0.1000  136.0084
4.70  0.1100  125.8238
4.70  0.1200  116.2443
4.70  0.1300  107.1129
4.70  0.1400  98.7003
4.70  0.1500  90.7851
4.80  0.0010  76.1306
4.80  0.0018  78.7067
4.80  0.0050  85.8705
4.80  0.0060  0.0000
4.80  0.0080  90.7169
4.80  0.0095  93.1268
4.80  0.0100  93.9697
4.80  0.0200  106.9195
4.80  0.0247  111.9418
4.80  0.0344  121.2859
4.80  0.0400  125.7427
4.80  0.0500  131.1921
4.80  0.0600  136.1042
4.80  0.0700  138.4730
4.80  0.0800  139.9191
4.80  0.1100  118.5097
4.80  0.1200  109.5277
4.80  0.1400  93.1064
4.80  0.0135  98.2537
4.90  0.0040  80.6093
4.90  0.0010  72.8614
4.90  0.0013  73.7942
4.90  0.0018  75.2592
4.90  0.0020  75.8570
4.90  0.0025  77.0134
4.90  0.0050  82.2178
4.90  0.0080  86.4576
4.90  0.0095  88.7177
4.90  0.0135  93.4432
4.90  0.0140  94.0174
4.90  0.0216  103.0911
4.90  0.0247  106.1167
4.90  0.0300  111.2740
4.90  0.0344  114.6540
4.90  0.0600  128.4086
4.90  0.0700  130.5828
4.90  0.0800  131.7692
4.90  0.1000  120.7719
4.90  0.1100  111.7815
4.90  0.1200  103.3370
4.90  0.1300  95.3936
#mass   Z   median_TP_age (Myr)
5.00  0.0400  112.6083
5.00  0.0500  117.2472
5.00  0.0700  123.2685
5.00  0.1100  105.6441
5.00  0.1200  97.6621
5.00  0.1000  114.0346
5.00  0.0344  108.6054
5.00  0.0140  89.5455
5.00  0.0135  88.9459
5.00  0.0080  82.5172
5.00  0.0013  70.6932
5.00  0.0300  105.5124
5.00  0.0095  84.5709
5.00  0.0070  81.1619
5.00  0.0800  124.6591
5.00  0.0900  118.9685
5.00  0.1300  90.1808
5.00  0.1500  76.7088
